0
1
2
3
4
5
6
7
8
9
10
11
12
13
14
15
16
17
18
19
20
21
22
23
24
25
26
27
28
29
30
31
32
33
34
35
36
37
38
39
40
41
42
43
44
45
46
47
48 1589
49 3100
50 2652
51 1428
52 3311
53 2843
54 3238
55 1465
56 2205
57 3302
58 3310
59 3310
60 3105
61 3310
62 3099
63 1448
64 139
65 2261
66 2261
67 245
68 282
69 3238
70 3159
71 3310
72 2603
73 2206
74 3160
75 2645
76 3016
77 3231
78 3201
79 3151
80 3149
81 2857
82 3224
83 3279
84 238
85 3100
86 3106
87 1503
88 2642
89 3000
90 3239
91 163
92 2999
93 2675
94 2679
95 3310
96 1384
97 3310
98 211
99 2232
100 3237
101 1512
102 3242
103 3240
104 3311
105 1572
106 3108
107 2262
108 3287
109 3239
110 3265
111 2870
112 3242
113 1521
114 3304
115 3311
116 2999
117 2221
118 2315
119 3286
120 2316
121 3214
122 2643
123 3269
124 3100
125 3310
126 2208
127 3297
128 2197
129 2652
130 3186
131 2674
132 2639
133 2633
134 2304
135 3272
136 1544
137 3201
138 2880
139 64
140 3285
141 244
142 1498
143 3277
144 1460
145 3285
146 2215
147 2692
148 3294
149 3279
150 1548
151 3006
152 2315
153 1542
154 1370
155 3274
156 3310
157 3310
158 3105
159 3297
160 2197
161 3113
162 3269
163 91
164 2634
165 1447
166 167
167 166
168 169
169 168
170 2283
171 3008
172 3110
173 3241
174 3100
175 2843
176 2989
177 3285
178 2252
179 3161
180 1484
181 3310
182 2634
183 2302
184 3106
185 3154
186 3008
187 2612
188 3113
189 2854
190 2854
191 2692
192 3310
193 3310
194 2242
195 3310
196 2291
197 2300
198 2642
199 2992
200 225
201 3184
202 3239
203 1416
204 2670
205 3212
206 1500
207 3217
208 3006
209 2861
210 3288
211 98
212 3187
213 1524
214 3028
215 3100
216 2634
217 3310
218 3259
219 1461
220 1532
221 3234
222 3028
223 1533
224 3301
225 200
226 3100
227 2693
228 3262
229 1437
230 3242
231 3285
232 2880
233 3280
234 3310
235 1535
236 2992
237 239
238 84
239 237
240 3265
241 3280
242 243
243 242
244 141
245 67
246 2679
247 2252
248 1439
249 2616
250 3028
251 2602
252 3285
253 3277
254 256
255 2267
256 254
257 3288
258 2891
259 2879
260 3160
261 3311
262 2875
263 2608
264 2890
265 3115
266 3302
267 3214
268 1545
269 1390
270 1468
271 3298
272 3272
273 3110
274 1934
275 3047
276 1706
277 2366
278 578
279 2442
280 2228
281 1390
282 68
283 3286
284 2329
285 2332
286 3214
287 1922
288 1811
289 2777
290 2762
291 3069
292 1641
293 2772
294 3194
295 1680
296 1862
297 3045
298 2786
299 2422
300 2735
301 459
302 2923
303 1828
304 3064
305 3228
306 2416
307 398
308 1785
309 3228
310 3070
311 2916
312 755
313 1703
314 436
315 2715
316 1713
317 2921
318 1858
319 1802
320 1616
321 2956
322 3054
323 1703
324 2772
325 1637
326 3137
327 2794
328 363
329 3121
330 3227
331 1610
332 2747
333 1761
334 1784
335 772
336 2720
337 773
338 1713
339 1805
340 2743
341 3289
342 3228
343 2729
344 2402
345 484
346 441
347 2761
348 1618
349 2696
350 1749
351 545
352 1800
353 2769
354 2769
355 589
356 1787
357 3063
358 628
359 2773
360 381
361 1701
362 1854
363 328
364 3195
365 616
366 2395
367 2439
368 2702
369 1657
370 1770
371 2694
372 2730
373 3037
374 1785
375 730
376 379
377 2446
378 2794
379 376
380 2930
381 360
382 3300
383 3300
384 2927
385 2732
386 3044
387 3066
388 2941
389 437
390 2489
391 1737
392 1601
393 2899
394 2946
395 3289
396 2781
397 2756
398 307
399 2412
400 3044
401 2732
402 457
403 3076
404 2725
405 1848
406 2497
407 1807
408 2400
409 2376
410 2718
411 1874
412 622
413 503
414 2721
415 2445
416 3074
417 2918
418 2356
419 3075
420 2918
421 3126
422 2903
423 1715
424 2433
425 2782
426 1680
427 3300
428 3127
429 1715
430 2744
431 2913
432 1704
433 3195
434 579
435 3132
436 314
437 389
438 1797
439 2927
440 2931
441 346
442 1736
443 1736
444 551
445 2905
446 3226
447 2495
448 2928
449 593
450 451
451 450
452 1728
453 2798
454 3227
455 2389
456 3230
457 402
458 3173
459 301
460 2720
461 623
462 463
463 462
464 537
465 3194
466 3034
467 2732
468 2386
469 2495
470 3072
471 3041
472 3069
473 2453
474 547
475 1772
476 556
477 2427
478 3226
479 2450
480 2915
481 2927
482 2923
483 3054
484 345
485 1816
486 2383
487 775
488 1762
489 3063
490 2720
491 2756
492 1699
493 2424
494 2442
495 1654
496 1742
497 2794
498 1934
499 607
500 1638
501 3047
502 2396
503 413
504 1814
505 2754
506 2386
507 2725
508 1763
509 510
510 509
511 2909
512 2899
513 3168
514 1769
515 2379
516 2710
517 2422
518 2787
519 3044
520 3132
521 2422
522 1697
523 525
524 570
525 523
526 1773
527 2762
528 1772
529 1769
530 2755
531 2404
532 3137
533 3053
534 1782
535 1750
536 2395
537 464
538 2932
539 2394
540 3066
541 3293
542 3038
543 1706
544 2904
545 351
546 1925
547 474
548 3044
549 3044
550 1791
551 444
552 553
553 552
554 2902
555 3035
556 476
557 2902
558 2902
559 3227
560 2489
561 3198
562 2769
563 564
564 563
565 2698
566 2698
567 3135
568 2719
569 3130
570 524
571 2415
572 2453
573 2719
574 1931
575 2933
576 3293
577 1664
578 278
579 434
580 2755
581 1804
582 1810
583 2708
584 1924
585 2389
586 2360
587 2759
588 2778
589 355
590 2367
591 2443
592 1816
593 449
594 1633
595 2786
596 1800
597 2933
598 3194
599 2425
600 1698
601 2450
602 2435
603 1869
604 2395
605 3072
606 2903
607 499
608 3134
609 1853
610 1683
611 2704
612 777
613 1927
614 2915
615 3134
616 365
617 2771
618 3227
619 620
620 619
621 3047
622 412
623 461
624 1837
625 626
626 625
627 2490
628 358
629 3293
630 742
631 2447
632 3273
633 2698
634 2926
635 1849
636 2465
637 2436
638 1854
639 2380
640 2346
641 2350
642 3293
643 3116
644 3167
645 2787
646 3132
647 1916
648 3300
649 1806
650 1718
651 664
652 1231
653 805
654 1051
655 681
656 823
657 715
658 2512
659 1055
660 1320
661 1258
662 1312
663 1223
664 651
665 1204
666 842
667 1089
668 2078
669 1360
670 1879
671 2114
672 1185
673 905
674 1259
675 1023
676 1324
677 2083
678 2072
679 2036
680 869
681 655
682 2577
683 819
684 1168
685 2968
686 2481
687 1876
688 2019
689 914
690 1158
691 1262
692 850
693 838
694 987
695 2526
696 1230
697 973
698 2141
699 3142
700 1883
701 1218
702 1192
703 1132
704 1003
705 1289
706 1325
707 2071
708 1173
709 859
710 2014
711 1283
712 3080
713 1904
714 2140
715 657
716 846
717 931
718 1145
719 2489
720 1920
721 3300
722 3130
723 2958
724 1629
725 2756
726 3041
727 3133
728 2694
729 2694
730 375
731 2374
732 1936
733 1616
734 2902
735 3168
736 1923
737 1927
738 3175
739 2492
740 2792
741 2492
742 630
743 3138
744 1664
745 2492
746 3293
747 3293
748 2743
749 3194
750 3194
751 2355
752 2494
753 2956
754 1665
755 312
756 1611
757 3293
758 3035
759 2376
760 1936
761 2362
762 2958
763 2761
764 765
765 764
766 769
767 1941
768 3194
769 766
770 2794
771 1932
772 335
773 337
774 2450
775 487
776 2452
777 612
778 2830
779 2952
780 927
781 964
782 2830
783 2537
784 1268
785 1056
786 2093
787 1311
788 865
789 1234
790 1253
791 1232
792 2037
793 1347
794 2056
795 1188
796 2804
797 1172
798 958
799 2790
800 881
801 1965
802 1952
803 2803
804 2570
805 653
806 1992
807 2034
808 2481
809 2101
810 1148
811 1243
812 2134
813 1069
814 1228
815 2972
816 2033
817 2589
818 1279
819 683
820 2834
821 1904
822 972
823 656
824 3249
825 899
826 872
827 1884
828 2010
829 2101
830 942
831 1085
832 984
833 1271
834 926
835 1142
836 1963
837 1184
838 693
839 2164
840 2543
841 2596
842 666
843 2789
844 2967
845 2511
846 716
847 860
848 2804
849 1982
850 692
851 1367
852 2967
853 3081
854 1884
855 1219
856 1174
857 1144
858 1229
859 709
860 847
861 1240
862 996
863 1310
864 2109
865 788
866 3080
867 1068
868 1270
869 680
870 2967
871 1238
872 826
873 1125
874 1889
875 1330
876 1890
877 2121
878 2084
879 1966
880 1035
881 800
882 1099
883 1987
884 1034
885 1180
886 2095
887 1236
888 2525
889 1957
890 2588
891 2809
892 970
893 1181
894 1121
895 1171
896 1067
897 2970
898 2069
899 825
900 1208
901 2538
902 990
903 3077
904 1163
905 673
906 1995
907 2041
908 2145
909 2126
910 994
911 1109
912 1972
913 2148
914 689
915 2596
916 1293
917 2003
918 2529
919 1255
920 938
921 2103
922 2790
923 2521
924 1103
925 2555
926 834
927 780
928 2105
929 2952
930 2539
931 717
932 2086
933 935
934 1251
935 933
936 1260
937 2484
938 920
939 1897
940 1117
941 2530
942 830
943 1981
944 2054
945 1043
946 1189
947 1963
948 949
949 948
950 3078
951 952
952 951
953 954
954 953
955 1338
956 2052
957 1206
958 798
959 1178
960 1048
961 1001
962 2032
963 2825
964 781
965 2113
966 2122
967 2970
968 2050
969 2546
970 892
971 2569
972 822
973 697
974 1063
975 1956
976 1889
977 1987
978 979
979 978
980 1341
981 982
982 981
983 2012
984 832
985 1985
986 1299
987 694
988 1088
989 992
990 902
991 1098
992 989
993 2788
994 910
995 2023
996 862
997 1315
998 1252
999 1296
1000 2019
1001 961
1002 3249
1003 704
1004 1876
1005 1272
1006 1026
1007 2106
1008 1009
1009 1008
1010 1042
1011 2025
1012 1128
1013 2031
1014 1015
1015 1014
1016 2804
1017 2030
1018 2015
1019 1157
1020 1021
1021 1020
1022 1966
1023 675
1024 2116
1025 2030
1026 1006
1027 2599
1028 1058
1029 1037
1030 1052
1031 1071
1032 2100
1033 2960
1034 884
1035 880
1036 2036
1037 1029
1038 2037
1039 1326
1040 2069
1041 1309
1042 1010
1043 945
1044 2039
1045 1314
1046 2547
1047 2021
1048 960
1049 2115
1050 2102
1051 654
1052 1030
1053 2045
1054 1061
1055 659
1056 785
1057 2049
1058 1028
1059 2049
1060 2509
1061 1054
1062 1893
1063 974
1064 1065
1065 1064
1066 1130
1067 896
1068 867
1069 813
1070 2477
1071 1031
1072 1883
1073 1074
1074 1073
1075 1118
1076 1077
1077 1076
1078 2008
1079 1177
1080 2543
1081 1968
1082 1912
1083 1250
1084 1265
1085 831
1086 2967
1087 2599
1088 988
1089 667
1090 1261
1091 2817
1092 3249
1093 3249
1094 3249
1095 2485
1096 1640
1097 1161
1098 991
1099 882
1100 2511
1101 1349
1102 1363
1103 924
1104 1273
1105 1106
1106 1105
1107 1316
1108 1182
1109 911
1110 1111
1111 1110
1112 2820
1113 1122
1114 2968
1115 2512
1116 1137
1117 940
1118 1075
1119 1120
1120 1119
1121 894
1122 1113
1123 2824
1124 2122
1125 873
1126 2077
1127 2077
1128 1012
1129 2089
1130 1066
1131 2078
1132 703
1133 1134
1134 1133
1135 2525
1136 1949
1137 1116
1138 1346
1139 2510
1140 1141
1141 1140
1142 835
1143 1881
1144 857
1145 718
1146 1147
1147 1146
1148 810
1149 2568
1150 2568
1151 2505
1152 2505
1153 2510
1154 1203
1155 2018
1156 2508
1157 1019
1158 690
1159 2812
1160 2145
1161 1097
1162 2115
1163 904
1164 1190
1165 1201
1166 2025
1167 2106
1168 684
1169 1170
1170 1169
1171 895
1172 797
1173 708
1174 856
1175 1269
1176 2091
1177 1079
1178 959
1179 2096
1180 885
1181 893
1182 1108
1183 2810
1184 837
1185 672
1186 1187
1187 1186
1188 795
1189 946
1190 1164
1191 1211
1192 702
1193 1215
1194 2966
1195 1196
1196 1195
1197 2569
1198 1288
1199 1988
1200 2089
1201 1165
1202 2093
1203 1154
1204 665
1205 2087
1206 957
1207 2102
1208 900
1209 1348
1210 1953
1211 1191
1212 2096
1213 2002
1214 1354
1215 1193
1216 1898
1217 2104
1218 701
1219 855
1220 1877
1221 1989
1222 2108
1223 663
1224 2511
1225 2827
1226 1877
1227 1985
1228 814
1229 858
1230 696
1231 652
1232 791
1233 3143
1234 789
1235 1241
1236 887
1237 1245
1238 871
1239 2120
1240 861
1241 1235
1242 2818
1243 811
1244 3082
1245 1237
1246 1287
1247 1890
1248 2112
1249 2571
1250 1083
1251 934
1252 998
1253 790
1254 2537
1255 919
1256 1266
1257 2509
1258 661
1259 674
1260 936
1261 1090
1262 691
1263 1264
1264 1263
1265 1084
1266 1256
1267 2148
1268 784
1269 1175
1270 868
1271 833
1272 1005
1273 1104
1274 2121
1275 1276
1276 1275
1277 1951
1278 2486
1279 818
1280 2017
1281 2576
1282 2068
1283 711
1284 2807
1285 1286
1286 1285
1287 1246
1288 1198
1289 705
1290 2127
1291 1949
1292 2052
1293 916
1294 2125
1295 2133
1296 999
1297 1298
1298 1297
1299 986
1300 1301
1301 1300
1302 1977
1303 1304
1304 1303
1305 2800
1306 2519
1307 2964
1308 3080
1309 1041
1310 863
1311 787
1312 662
1313 2521
1314 1045
1315 997
1316 1107
1317 1318
1318 1317
1319 1967
1320 660
1321 1322
1322 1321
1323 1340
1324 676
1325 706
1326 1039
1327 2964
1328 2590
1329 2510
1330 875
1331 2146
1332 2961
1333 2087
1334 2481
1335 2593
1336 2152
1337 2152
1338 955
1339 2020
1340 1323
1341 980
1342 2962
1343 2595
1344 2599
1345 2076
1346 1138
1347 793
1348 1209
1349 1101
1350 2810
1351 2155
1352 2530
1353 2016
1354 1214
1355 2596
1356 2790
1357 2160
1358 1964
1359 1911
1360 669
1361 2533
1362 2533
1363 1102
1364 2141
1365 2001
1366 2153
1367 851
1368 3143
1369 2462 3269
1370 154 3311
1371 2861 1569
1372 2171 3310
1373 3160 3136
1374 2600 3104
1375 2207 3106
1376 3285 3030
1377 3186 2023
1378 2988 3027
1379 2876 2281
1380 2207 1408
1381 3243 2964
1382 3288 2316
1383 1467 2871
1384 96 2890
1385 3288 2272
1386 2737 1439
1387 2993 3302
1388 3311 1526
1389 3307 3311
1390 281 269
1391 3246 2854
1392 3003 3110
1393 1523 3098
1394 2868 1432
1395 3237 1454
1396 3238 2667
1397 1484 3310
1398 2653 2609
1399 2653 2609
1400 2653 2609
1401 2854 1596
1402 3307 3311
1403 3307 3311
1404 3090 3203
1405 2258 3311
1406 2283 3155
1407 3151 2639
1408 2207 1380
1409 2667 1525
1410 3113 2627
1411 3310 1592
1412 2632 3296
1413 3090 3203
1414 2267 1569
1415 2928 2231
1416 203 3311
1417 1522 2322
1418 1588 3184
1419 2566 1513
1420 3305 2655
1421 2656 3311
1422 3021 2306
1423 3238 3287
1424 1451 2659
1425 2656 3311
1426 3288 3286
1427 3021 3208
1428 51 3241
1429 2656 3311
1430 1964 3110
1431 3117 2880
1432 1394 2868
1433 3007 2222
1434 3275 2849
1435 2238 1488
1436 3012 3217
1437 3109 229
1438 3259 2239
1439 1386 248
1440 2985 3158
1441 2462 3269
1442 3305 3311
1443 3151 2246
1444 3111 2841
1445 3158 3224
1446 2273 3030
1447 2266 165
1448 63 2791
1449 2455 1557
1450 2848 1517
1451 1536 1424
1452 3275 2039
1453 3184 1534
1454 1395 3287
1455 2250 2866
1456 2633 2875
1457 1694 2841
1458 2310 3018
1459 3083 3112
1460 144 2994
1461 219 3311
1462 2187 3310
1463 3231 1568
1464 1550 2977
1465 2682 55
1466 3208 2862
1467 2871 1383
1468 270 2114
1469 3155 2861
1470 2224 3275
1471 2224 3275
1472 2296 3277
1473 1573 3269
1474 2995 2215
1475 3279 2662
1476 2662 3184
1477 2960 2877
1478 3254 3253
1479 3304 3217
1480 2873 2845
1481 2885 3008
1482 2603 1556
1483 1508 2182
1484 1397 180
1485 3090 3203
1486 3308 3311
1487 3160 1515
1488 2238 1435
1489 2976 3242
1490 3311 1580
1491 3113 3101
1492 3128 3147
1493 2985 3310
1494 3103 3299
1495 2867 3297
1496 3212 3214
1497 2054 2299
1498 3218 142
1499 3263 3277
1500 206 1989
1501 2245 2311
1502 3269 2170
1503 87 2561
1504 1560 3311
1505 3231 3233
1506 2654 3310
1507 2654 3310
1508 2616 1483
1509 3201 2258
1510 1523 3098
1511 2975 3301
1512 1561 101
1513 3003 1419
1514 3305 3083
1515 1487 3160
1516 2819 2221
1517 1450 2848
1518 1555 1556
1519 2817 2848
1520 2308 3234
1521 2107 113
1522 1417 2322
1523 1393 1510
1524 3238 213
1525 1409 2270
1526 1388 3311
1527 3214 3311
1528 2624 2878
1529 3117 3310
1530 2835 2883
1531 2191 3310
1532 2191 220
1533 223 2191
1534 1453 3184
1535 3003 235
1536 2659 1451
1537 3007 3050
1538 2278 3108
1539 2876 2281
1540 3155 2880
1541 2192 2872
1542 153 2976
1543 2987 3096
1544 3105 136
1545 3310 268
1546 2537 2200
1547 3243 2663
1548 3311 150
1549 2188 2645
1550 2271 1464
1551 3275 3263
1552 3231 2999
1553 1562 2814
1554 2286 3030
1555 1518 3302
1556 1518 1482
1557 1449 2892
1558 3157 3309
1559 2988 3027
1560 1504 3168
1561 3203 1512
1562 3104 1553
1563 1565 3301
1564 1565 3301
1565 1563 1564
1566 3155 3310
1567 3275 3302
1568 2655 1463
1569 1414 1371
1570 3288 2316
1571 2318 3028
1572 105 2296
1573 3269 1473
1574 2273 3030
1575 2220 2817
1576 3007 2222
1577 2302 3301
1578 3307 3311
1579 3201 3311
1580 1490 2154
1581 2478 2775
1582 3246 3310
1583 3294 3255
1584 3246 3310
1585 2333 2882
1586 3151 2642
1587 2518 2317
1588 1418 3184
1589 48 2584
1590 2722 2252
1591 1998 2665
1592 1411 3310
1593 2253 3099
1594 2783 2752
1595 2393 3063
1596 2927 1401
1597 1775 1778
1598 1796 1700
1599 3289 3195
1600 2941 3139
1601 392 2345
1602 1796 1700
1603 1605 2388
1604 3198 1641
1605 2765 1603
1606 1837 2797
1607 3126 2759
1608 3177 3034
1609 2002 3062
1610 2762 331
1611 756 1797
1612 1862 1812
1613 2747 2343
1614 1922 3229
1615 2472 2355
1616 320 733
1617 2708 2497
1618 3289 348
1619 2337 1841
1620 3289 3195
1621 3289 3199
1622 1626 3057
1623 1868 2342
1624 2724 1712
1625 2381 2901
1626 3057 1622
1627 2015 3038
1628 2681 2775
1629 3038 724
1630 3170 3139
1631 3273 2887
1632 3200 2936
1633 2738 594
1634 2323 2387
1635 2468 3244
1636 1920 3293
1637 1807 325
1638 2475 500
1639 2406 3045
1640 1663 1096
1641 292 1604
1642 2386 2360
1643 3074 1666
1644 2918 2382
1645 1914 2934
1646 2957 2797
1647 3215 3056
1648 3227 2622
1649 2926 3127
1650 1832 2733
1651 2396 2474
1652 3134 2706
1653 2409 3039
1654 3293 495
1655 2703 3306
1656 3164 2418
1657 3167 369
1658 1822 2714
1659 3122 3118
1660 2375 1771
1661 1788 3035
1662 2926 3127
1663 3167 1640
1664 577 744
1665 754 3039
1666 3074 1643
1667 3134 2773
1668 3036 3032
1669 3292 3300
1670 1870 3132
1671 2906 1802
1672 3116 2086
1673 2921 2716
1674 2470 1675
1675 1674 2470
1676 3195 2338
1677 1799 2368
1678 2080 2493
1679 2407 2897
1680 295 426
1681 2906 2498
1682 2441 2718
1683 2661 610
1684 2772 1835
1685 2699 2701
1686 3273 3293
1687 2340 2264
1688 3075 1806
1689 1781 3054
1690 2457 3052
1691 3226 1719
1692 2445 1839
1693 1819 1861
1694 2763 1457
1695 1919 2460
1696 2455 1792
1697 3126 522
1698 600 2433
1699 492 2453
1700 1602 1598
1701 361 2836
1702 2392 2425
1703 313 323
1704 432 1814
1705 2183 3139
1706 543 276
1707 2772 3061
1708 1913 3230
1709 2725 1766
1710 1935 2383
1711 2341 3139
1712 2724 1624
1713 316 338
1714 2578 3120
1715 423 429
1716 2938 2279
1717 3226 2938
1718 650 2720
1719 3226 1691
1720 2487 2400
1721 3056 2204
1722 1788 3035
1723 3122 3118
1724 1879 3125
1725 2460 1728
1726 3042 2798
1727 2390 2391
1728 452 1725
1729 2380 1856
1730 3215 1795
1731 2921 2716
1732 3040 2357
1733 1768 2707
1734 2955 2736
1735 2384 3063
1736 442 443
1737 391 3199
1738 2924 3048
1739 2375 1857
1740 2732 1752
1741 3166 3171
1742 3065 496
1743 3096 2387
1744 2722 2700
1745 3174 2959
1746 3196 2752
1747 3292 3300
1748 2786 2443
1749 350 2936
1750 2734 535
1751 3130 3039
1752 1740 1825
1753 2420 2757
1754 2364 1766
1755 2695 2178
1756 3198 2167
1757 2769 3058
1758 2773 2091
1759 3033 3073
1760 1780 2787
1761 2916 333
1762 2725 488
1763 508 3281
1764 2415 1765
1765 1764 2415
1766 1754 1709
1767 2371 2471
1768 1733 2904
1769 529 514
1770 2738 370
1771 1660 2375
1772 475 528
1773 1826 526
1774 1819 1861
1775 1597 1778
1776 3124 2746
1777 2741 1937
1778 1775 1597
1779 2954 1834
1780 1760 2787
1781 1689 3054
1782 3228 534
1783 3054 1988
1784 2424 334
1785 308 374
1786 2166 2746
1787 3049 356
1788 1661 1722
1789 2928 2785
1790 2932 2423
1791 550 3273
1792 2455 1696
1793 2597 1875
1794 2393 3072
1795 3300 1730
1796 1602 1598
1797 438 1611
1798 2433 3063
1799 1677 3049
1800 596 352
1801 3167 3226
1802 319 1671
1803 2559 2366
1804 581 3276
1805 339 3137
1806 649 1688
1807 407 1637
1808 3192 2941
1809 3126 2759
1810 2430 582
1811 288 3071
1812 1612 2426
1813 2722 2700
1814 1704 504
1815 2761 2528
1816 592 485
1817 2914 2723
1818 2412 3293
1819 1774 1693
1820 2446 2973
1821 2954 3273
1822 1658 2714
1823 2767 2449
1824 2766 2428
1825 2083 1752
1826 2914 1773
1827 2836 2919
1828 3300 303
1829 2954 1850
1830 1851 2436
1831 3170 3062
1832 1650 1833
1833 1832 1943
1834 1779 2771
1835 1684 2574
1836 1842 1843
1837 1606 624
1838 2377 2378
1839 1692 3299
1840 2955 2904
1841 1619 2337
1842 1836 2324
1843 1836 2324
1844 3065 2726
1845 1846 2778
1846 1845 2778
1847 2344 2461
1848 2661 405
1849 635 2442
1850 1829 2908
1851 1830 2436
1852 2368 2465
1853 2782 609
1854 638 362
1855 2457 3177
1856 2380 1729
1857 1739 2947
1858 3049 318
1859 3210 3045
1860 2783 2752
1861 1774 1693
1862 1612 296
1863 3059 3031
1864 2702 2347
1865 2340 2264
1866 2702 2347
1867 2702 2347
1868 3130 1623
1869 2785 603
1870 1670 3132
1871 3075 2718
1872 3047 2615
1873 2809 3038
1874 411 2726
1875 1793 1917
1876 1004 687
1877 1220 1226
1878 2040 2593
1879 1724 670
1880 2605 2827
1881 2964 1143
1882 2515 2520
1883 700 1072
1884 827 854
1885 2435 2439
1886 2035 2005
1887 2968 2820
1888 2009 2137
1889 976 874
1890 1247 876
1891 1992 2584
1892 2807 2076
1893 2544 1062
1894 3012 2572
1895 3050 2973
1896 2515 2520
1897 2506 939
1898 1905 1216
1899 3249 2149
1900 3197 2484
1901 2588 2142
1902 2081 2082
1903 2517 2834
1904 713 821
1905 1898 2952
1906 2135 3080
1907 2994 2559
1908 2739 2535
1909 2024 2963
1910 2248 2098
1911 1359 2774
1912 2020 1082
1913 3138 1708
1914 1645 2934
1915 3136 3206
1916 3273 647
1917 2412 1875
1918 2491 1919
1919 1695 1918
1920 720 1636
1921 3134 2706
1922 287 1614
1923 1924 736
1924 584 1923
1925 3168 546
1926 3200 2793
1927 613 737
1928 3074 3283
1929 2398 3005
1930 2494 2335
1931 574 1932
1932 771 1931
1933 3198 2379
1934 274 498
1935 2383 1710
1936 760 732
1937 1777 2741
1938 3197 2900
1939 3069 2780
1940 2906 2498
1941 3194 767
1942 2499 3219
1943 1833 2491
1944 3293 2958
1945 1956 2858
1946 2962 2565
1947 3182 2965
1948 2656 2018
1949 1136 1291
1950 2088 2217
1951 2829 1277
1952 2399 802
1953 3179 1210
1954 2791 2972
1955 2968 2820
1956 975 1945
1957 889 2164
1958 2822 2513
1959 2822 3141
1960 2849 1961
1961 2849 1960
1962 2578 2806
1963 836 947
1964 1430 1358
1965 2801 801
1966 1022 879
1967 2056 1319
1968 1081 2558
1969 2791 2972
1970 2110 2571
1971 2139 2832
1972 912 3281
1973 2575 2031
1974 2524 2966
1975 2028 2029
1976 3060 2582
1977 2124 1302
1978 2831 2826
1979 3249 2713
1980 2300 2162
1981 943 2973
1982 2625 849
1983 2818 2801
1984 2527 2586
1985 985 1227
1986 2823 3081
1987 977 883
1988 1783 1199
1989 1221 1500
1990 2041 2672
1991 2277 2143
1992 1891 806
1993 2791 2972
1994 2828 2058
1995 906 2426
1996 2805 2534
1997 3236 2813
1998 2560 1591
1999 2570 3143
2000 2297 2138
2001 2146 1365
2002 1213 1609
2003 3170 917
2004 2276 2008
2005 2506 1886
2006 2021 2810
2007 2970 2555
2008 1078 2004
2009 1888 2546
2010 828 2790
2011 2043 2529
2012 983 2533
2013 2014 2358
2014 2013 710
2015 1018 1627
2016 1353 2621
2017 1280 3013
2018 1948 1155
2019 688 1000
2020 1339 1912
2021 1047 2006
2022 2545 3236
2023 995 1377
2024 1909 2963
2025 1166 1011
2026 2540 2541
2027 2518 2626
2028 2029 1975
2029 2028 1975
2030 1017 1025
2031 1973 1013
2032 962 2544
2033 2214 816
2034 807 2528
2035 2506 1886
2036 1036 679
2037 1038 792
2038 2118 2817
2039 1452 1044
2040 2593 1878
2041 1990 907
2042 3205 2479
2043 2011 2529
2044 3141 2580
2045 1053 2774
2046 3303 2047
2047 2046 2965
2048 2675 2053
2049 1057 1059
2050 968 2833
2051 2487 2973
2052 956 1292
2053 2048 2675
2054 944 1497
2055 2819 2557
2056 1967 794
2057 2570 3143
2058 2828 1994
2059 2558 2994
2060 2536 2942
2061 2062 2485
2062 2061 2770
2063 2064 2065
2064 2063 2065
2065 2063 2064
2066 3249 2713
2067 2119 2092
2068 1282 3170
2069 1040 898
2070 2277 2143
2071 2572 707
2072 678 3073
2073 2074 2075
2074 2073 2075
2075 2073 2074
2076 1892 1345
2077 1126 1127
2078 1131 668
2079 2942 2080
2080 1678 2079
2081 2082 1902
2082 2081 1902
2083 677 1825
2084 3164 878
2085 2158 2825
2086 932 1672
2087 1205 1333
2088 2217 1950
2089 1200 1129
2090 2549 2516
2091 1758 1176
2092 2067 2163
2093 786 1202
2094 2597 2438
2095 886 2099
2096 1212 1179
2097 2132 2483
2098 2248 1910
2099 2095 2974
2100 1032 2441
2101 809 829
2102 1050 1207
2103 921 2830
2104 2105 1217
2105 2104 928
2106 1167 1007
2107 1521 2108
2108 1222 2107
2109 2836 864
2110 1970 2571
2111 2986 2112
2112 1248 2111
2113 965 2969
2114 1468 671
2115 1162 1049
2116 2887 1024
2117 2807 2577
2118 3158 2038
2119 2067 2163
2120 1239 2830
2121 1274 877
2122 966 1124
2123 2969 2561
2124 3080 1977
2125 1294 3158
2126 2253 909
2127 3268 1290
2128 2620 2484
2129 2130 2131
2130 2129 2131
2131 2129 2130
2132 2097 2483
2133 1295 2967
2134 812 3299
2135 3080 1906
2136 3216 2581
2137 1888 2621
2138 2000 2297
2139 3082 1971
2140 714 2528
2141 1364 698
2142 1901 2588
2143 1991 2070
2144 2592 2594
2145 1160 908
2146 1331 2001
2147 2517 2834
2148 913 1267
2149 3249 1899
2150 3078 2564
2151 2592 2594
2152 1336 1337
2153 1366 3081
2154 2543 1580
2155 3142 1351
2156 2157 2595
2157 2156 2595
2158 2159 2085
2159 2158 3305
2160 1357 2846
2161 2789 2960
2162 1980 2539
2163 2119 2092
2164 839 1957
2165 3207 3297 2948
2166 2229 1786 2294
2167 3269 2238 1756
2168 3233 3275 3197
2169 3285 2658 2640
2170 3269 3018 1502
2171 1372 2260 3310
2172 3286 3024 3287
2173 2668 2669 3247
2174 2867 3297 3154
2175 3105 2289 3214
2176 2236 3111 2237
2177 2980 3017 2672
2178 2226 1755 3223
2179 2977 3235 3306
2180 3280 2290 3302
2181 2688 3087 3186
2182 2227 3237 1483
2183 2806 2844 1705
2184 2653 3241 2609
2185 2999 3177 2659
2186 2683 2637 3311
2187 1462 3301 3310
2188 1549 2242 3280
2189 2195 2198 2199
2190 2989 2993 3301
2191 1531 1532 1533
2192 3158 1541 2872
2193 2335 3311 3309
2194 2980 2994 3017
2195 2998 3212 2189
2196 3308 2865 3311
2197 128 3311 160
2198 2998 3212 2189
2199 2998 3212 2189
2200 1546 2894 2319
2201 3279 3265 3310
2202 3151 3286 3287
2203 2853 3001 3224
2204 3297 3215 1721
2205 2999 56 2976
2206 73 3251 3295
2207 1375 1380 1408
2208 2618 126 2209
2209 3301 2208 3302
2210 3305 2258 3311
2211 3236 2813 3237
2212 2312 3301 2868
2213 2325 2521 3277
2214 2033 2627 3236
2215 3279 1474 146
2216 3084 3311 3309
2217 2088 3239 1950
2218 2859 3004 2589
2219 3286 3092 3005
2220 3190 2977 1575
2221 2651 117 1516
2222 1433 3007 1576
2223 3294 3093 2665
2224 1470 1471 3275
2225 3279 2638 3110
2226 2780 3223 2178
2227 3279 2182 2843
2228 3201 280 3311
2229 3218 3187 2166
2230 3097 3009 3306
2231 1415 2644 3311
2232 99 3237 3241
2233 2234 2321 3265
2234 2233 3286 2240
2235 2985 2894 2662
2236 3288 2237 2176
2237 2236 3111 2176
2238 1488 1435 2167
2239 3022 3218 1438
2240 3151 2234 3287
2241 3280 3241 3310
2242 194 2188 3110
2243 3268 3233 3216
2244 2276 2936 2841
2245 1501 2658 2314
2246 3151 2332 1443
2247 3286 2647 2869
2248 3233 1910 2098
2249 2870 2647 2869
2250 1455 2648 2852
2251 3051 3242 2905
2252 178 247 1590
2253 2126 3064 1593
2254 3254 2255 3253
2255 2254 3254 3253
2256 2612 3099 3310
2257 3305 3188 3015
2258 1509 2210 1405
2259 2602 2680 3215
2260 2301 2171 2889
2261 65 3301 66
2262 2809 107 2800
2263 3311 3296 3309
2264 3242 1865 1687
2265 3231 2997 3241
2266 2567 1447 2478
2267 1414 255 2861
2268 3256 2676 2925
2269 3305 3262 2650
2270 3163 3104 1525
2271 1550 2877 3142
2272 1385 3238 3265
2273 1574 1446 3109
2274 3307 3187 3309
2275 3024 3163 3310
2276 2244 2004 2841
2277 1991 2841 2070
2278 3262 1538 3108
2279 2899 1716 3008
2280 3023 3026 2882
2281 3191 1539 1379
2282 2546 2823 3149
2283 1406 2688 170
2284 2429 2835 2883
2285 3144 3012 3217
2286 2680 1554 3104
2287 3211 3254 3253
2288 3280 2290 3302
2289 3105 3214 2175
2290 2180 2288 2670
2291 3231 2999 196
2292 2303 2835 2883
2293 2642 2304 3310
2294 3308 3262 2166
2295 3212 3244 3283
2296 1572 1472 2961
2297 2000 3242 2138
2298 3288 3111 2660
2299 3279 1497 3237
2300 1980 197 2539
2301 2618 2889 2260
2302 183 1577 3301
2303 2835 2883 2292
2304 2293 2679 134
2305 2995 2505 2306
2306 3021 1422 2305
2307 3307 3234 3115
2308 3189 1520 2851
2309 2978 3272 2479
2310 3231 2878 1458
2311 3285 3099 1501
2312 3301 2212 3149
2313 2975 2982 3085
2314 2245 3285 2640
2315 2633 152 118
2316 120 1570 1382
2317 1587 2977 2626
2318 1571 2822 3184
2319 2693 3208 2200
2320 3164 3281 3240
2321 2233 2667 3088
2322 1417 1522 3241
2323 2420 1634 2872
2324 2698 1842 1843
2325 2661 2601 2213
2326 2833 2873 2750
2327 2837 3264 2881
2328 3288 3286 3163
2329 284 2690 3165
2330 2420 3224 2872
2331 3294 3255 2483
2332 2852 2246 285
2333 1585 2655 3057
2334 2692 2605 2827
2335 2494 1930 2193
2336 2680 3285 3099
2337 1619 1841 2458
2338 2385 3195 1676
2339 2736 2416 2417
2340 3273 1865 1687
2341 3073 3125 1711
2342 2761 1623 2710
2343 2747 1613 2448
2344 2461 1847 3132
2345 3033 2710 1601
2346 3168 640 3121
2347 1864 1866 1867
2348 2699 2734 3061
2349 2935 3292 3066
2350 641 3227 3228
2351 3130 2701 3039
2352 2411 2777 2936
2353 3295 2934 3202
2354 3303 3263 3125
2355 2472 751 1615
2356 3209 418 3264
2357 2677 1732 2753
2358 2013 2464 2920
2359 3289 2795 2765
2360 2445 586 1642
2361 2907 2943 2898
2362 2918 2382 761
2363 3178 3145 3135
2364 1754 2390 2391
2365 3051 2908 2413
2366 2756 1803 277
2367 2763 590 3071
2368 1677 2465 1852
2369 3129 3248 3037
2370 3292 2956 2939
2371 1767 3175 3064
2372 2802 2953 3136
2373 2907 2943 2898
2374 3074 2926 731
2375 1660 1739 1771
2376 409 759 2775
2377 1838 2781 2467
2378 1838 2781 2467
2379 3019 515 1933
2380 1856 639 1729
2381 2703 2712 1625
2382 2362 1644 2490
2383 1935 486 1710
2384 3293 1735 2741
2385 3059 3031 2338
2386 1642 468 506
2387 1743 1634 3125
2388 2740 1603 3041
2389 585 455 3092
2390 2364 2399 1727
2391 2364 2399 1727
2392 3116 1702 2964
2393 1595 2955 1794
2394 2921 2716 539
2395 536 366 604
2396 1651 502 2460
2397 2815 3256 3174
2398 3168 1929 3057
2399 2390 2391 1952
2400 3040 1720 408
2401 2737 3059 3031
2402 2734 3061 344
2403 3195 3059 3031
2404 3040 531 2476
2405 2451 3038 2579
2406 3128 3045 1639
2407 3177 1679 2897
2408 3069 3194 2448
2409 3130 1653 3034
2410 2907 2898 2735
2411 2777 2352 2743
2412 1818 399 1917
2413 3200 2459 2365
2414 3190 2847 2903
2415 1764 1765 571
2416 306 2339 2736
2417 2729 2339 2904
2418 3144 2419 1656
2419 2914 3164 2418
2420 2323 1753 2330
2421 2495 3119 3177
2422 517 521 299
2423 2949 1790 2950
2424 1784 493 2430
2425 1702 599 2448
2426 3116 1812 1995
2427 2928 477 2785
2428 2766 2767 1824
2429 2284 2538 2908
2430 2424 2747 1810
2431 2740 2765 3041
2432 3119 3177 3052
2433 1798 424 1698
2434 3033 2768 3062
2435 1885 602 2439
2436 1830 637 1851
2437 2786 2443 2750
2438 2954 2597 2094
2439 1885 2435 367
2440 2912 2911 3120
2441 2100 1682 2718
2442 279 1849 494
2443 1748 2437 591
2444 3064 3092 3081
2445 1692 415 2360
2446 1820 3040 377
2447 3273 631 2922
2448 2408 2425 2343
2449 2766 2767 1823
2450 479 601 774
2451 2405 3038 2579
2452 2713 2770 776
2453 473 572 1699
2454 2704 2568 2456
2455 1449 1792 1696
2456 2454 2738 2774
2457 3053 1690 1855
2458 2337 2782 3127
2459 3051 2908 2413
2460 1695 1725 2396
2461 2344 1847 3132
2462 3198 1441 1369
2463 3198 3018 3019
2464 3140 2358 2920
2465 636 2368 1852
2466 3303 2695 3223
2467 2377 2781 2378
2468 2717 1635 3068
2469 3065 3166 3171
2470 1674 2757 1675
2471 1767 3175 3064
2472 3300 2355 1615
2473 3245 3173 3013
2474 1651 2763 3071
2475 3043 1638 2755
2476 2677 2404 2753
2477 2566 1070 2845
2478 2567 2266 1581
2479 2042 2581 2309
2480 2803 2575 2824
2481 808 686 1334
2482 2833 2488 3057
2483 2132 2097 2331
2484 2128 1900 937
2485 2061 1095 2770
2486 2563 1278 3197
2487 3191 2051 1720
2488 2833 2482 3057
2489 719 560 390
2490 627 2918 2382
2491 1918 1943 3072
2492 739 741 745
2493 3167 1678 2687
2494 752 1930 2335
2495 447 469 2421
2496 2916 2617 2838
2497 1617 406 3070
2498 1681 2906 1940
2499 1942 3042 3293
2500 3263 2705 3125
2501 3191 2811 2974
2502 2815 3256 2816
2503 2831 2591 2826
2504 2819 2556 2557
2505 1151 1152 2305
2506 2035 1897 2005
2507 2532 3141 2799
2508 3178 3145 1156
2509 1257 1060 2966
2510 1329 1139 1153
2511 845 1224 1100
2512 658 2531 1115
2513 2822 1958 3141
2514 2812 2562 2788
2515 1882 2520 1896
2516 2549 2090 2969
2517 2147 2834 1903
2518 2027 1587 2626
2519 1306 2523 2881
2520 2515 1882 1896
2521 923 1313 2213
2522 2550 2551 2552
2523 2519 3264 2881
2524 1974 3209 3264
2525 2538 888 1135
2526 2527 2586 695
2527 2526 2586 1984
2528 1815 2140 2034
2529 2043 2011 918
2530 941 1352 2544
2531 2512 3306 3283
2532 2507 3141 2799
2533 1361 1362 2012
2534 1996 2805 2808
2535 2717 1908 3283
2536 3256 3170 2060
2537 1546 783 1254
2538 901 2525 2429
2539 2300 2162 930
2540 2026 2542 2963
2541 2026 2542 2963
2542 2540 2541 2963
2543 840 2154 1080
2544 1893 2530 2032
2545 3236 2813 2022
2546 2282 969 2009
2547 1046 2814 2548
2548 3236 2814 2547
2549 2090 2969 2516
2550 2551 2522 2552
2551 2550 2522 2552
2552 2550 2551 2522
2553 2986 2598 3143
2554 2957 2728 2573
2555 925 2579 2007
2556 2819 2557 2504
2557 2556 2055 2504
2558 2059 2994 1968
2559 1803 2994 1907
2560 2673 3303 1998
2561 2123 2969 1503
2562 2514 2812 2788
2563 2957 2486 2728
2564 3182 3078 2150
2565 2808 2962 1946
2566 2986 2477 1419
2567 2266 2478 2681
2568 2454 1149 1150
2569 971 2606 1197
2570 1999 2057 804
2571 1249 2110 1970
2572 2071 1894 3012
2573 2957 2728 2554
2574 2818 2801 1835
2575 1973 2480 2829
2576 2807 1281 2577
2577 2117 682 2576
2578 1962 1714 2806
2579 2451 2555 2405
2580 2044 3141 2799
2581 3216 2136 2479
2582 3060 3176 1976
2583 2832 3082 2585
2584 1891 3082 1589
2585 2832 2583 3082
2586 2527 2526 1984
2587 3303 3181 2965
2588 1901 2142 890
2589 2825 2218 817
2590 3004 3092 1328
2591 2831 2503 2826
2592 2151 2144 2594
2593 2040 1335 1878
2594 2151 2144 2592
2595 2156 2157 1343
2596 1355 915 841
2597 1793 2438 2094
2598 2553 3143 2845
2599 1344 1087 1027
2600 2980 3017 1374 3104
2601 2325 3281 3299 3311
2602 251 3285 2259 3104
2603 1482 72 3280 3302
2604 3291 3274 3271 3276
2605 2692 2334 2827 1880
2606 3298 3156 2569 2865
2607 3211 3308 3205 3311
2608 3231 3113 3109 263
2609 1398 1399 1400 2184
2610 3259 3022 3188 3091
2611 2886 3025 3280 3302
2612 2693 2256 2976 187
2613 3305 3009 3188 3179
2614 2888 3014 2838 2631
2615 3168 3154 1872 2836
2616 249 1508 3242 3165
2617 2916 2888 2496 2856
2618 2301 3301 2208 3302
2619 3284 3159 3257 3311
2620 3269 2740 3044 2128
2621 2016 2764 2669 2137
2622 2864 1648 3156 3240
2623 3196 3133 3224 3101
2624 2879 3117 2878 1528
2625 3159 1982 3262 3309
2626 2027 2518 2925 2317
2627 2214 3236 2863 1410
2628 3144 2981 3020 3307
2629 3151 3286 3090 3203
2630 2682 3155 2891 3310
2631 2888 2614 3014 2856
2632 1412 3262 2857 3311
2633 1456 3242 2315 133
2634 164 3212 182 216
2635 3284 3305 3308 3311
2636 3232 3233 3083 3112
2637 2683 3298 2186 3311
2638 3087 2225 3237 3186
2639 132 3246 1407 3310
2640 3285 2169 2314 2997
2641 3254 3253 2686 2893
2642 2293 1586 88 198
2643 122 3308 2844 3311
2644 3180 2231 3235 3306
2645 1549 75 2843 3310
2646 3094 3116 2971 3261
2647 2870 2249 2247 2869
2648 2896 2250 2866 3001
2649 3192 3153 3271 3276
2650 3239 3262 3146 2269
2651 3111 3242 3184 2221
2652 50 3113 129 2877
2653 1398 1399 1400 2184
2654 1506 1507 3247 3310
2655 2333 1420 1568 3003
2656 1429 1421 1948 1425
2657 2859 3004 3092 3005
2658 2245 2169 3030 2997
2659 2185 1536 1424 3302
2660 3288 3203 2298 3287
2661 2325 1848 1683 3277
2662 2235 3279 1475 1476
2663 3121 1547 3243 2675
2664 2876 3106 2690 2691
2665 1591 3311 2223 3277
2666 2879 3117 2878 3310
2667 1396 2321 3265 1409
2668 2993 3301 2173 2669
2669 2621 2668 2173 3247
2670 3280 204 2290 3302
2671 3233 3180 3235 3306
2672 1990 2771 3137 2177
2673 3097 2674 2560 2821
2674 131 3097 2673 3212
2675 2048 2663 93 2053
2676 2884 3256 2268 3311
2677 3040 2476 2679 2357
2678 3198 3269 3018 3019
2679 246 2677 2304 94
2680 3285 2259 2286 2336
2681 1628 2567 3107 2775
2682 2630 1465 2890 2891
2683 3114 3305 2637 2186
2684 3114 3308 3296 3309
2685 3260 3221 3308 3311
2686 3254 3253 2893 2641
2687 3289 2924 3048 2493
2688 2181 2283 3087 3186
2689 3233 3216 3295 3244
2690 2329 2664 2691 3302
2691 2876 2664 2690 3310
2692 2605 2334 191 147
2693 2612 2319 2976 227
2694 371 728 729 2792
2695 2466 1755 2948 3223
2696 349 2940 2912 2911
2697 3174 3197 2900 2959
2698 565 633 566 2324
2699 1685 2734 3061 2348
2700 2722 1744 2726 1813
2701 1685 3061 3039 2351
2702 368 1864 1866 1867
2703 2712 2381 2901 1655
2704 2454 611 2738 2774
2705 3303 3263 3125 2500
2706 1921 1652 3137 2920
2707 2729 1733 3235 3306
2708 1617 3177 583 3052
2709 3252 3268 3125 3290
2710 2342 2345 516 2755
2711 3196 3226 3126 2863
2712 2703 2381 2901 3306
2713 3249 2452 2066 1979
2714 2766 1658 2767 1822
2715 315 3173 2948 3223
2716 2394 1731 1673 2921
2717 3306 2468 3283 2535
2718 410 1871 2441 1682
2719 3167 2899 573 568
2720 1718 460 336 490
2721 3266 414 3175 2776
2722 1744 1590 1813 2700
2723 3209 3264 1817 3283
2724 1624 2927 2778 1712
2725 404 1709 507 1762
2726 1844 2771 1874 2700
2727 2815 2912 2911 3120
2728 2563 2797 2573 2554
2729 2707 2904 343 2417
2730 2931 372 3228 3290
2731 3258 2802 2953 3136
2732 467 1740 401 385
2733 1650 3266 3051 2905
2734 2402 2699 1750 2348
2735 2907 300 2410 2898
2736 2955 2339 1734 2416
2737 2401 1386 3059 3031
2738 2704 1633 1770 2456
2739 3176 2915 3261 1908
2740 2431 2388 2620 2943
2741 1777 2384 3050 1937
2742 3119 3122 3177 3118
2743 2411 340 2777 748
2744 2935 430 3300 3036
2745 3248 3292 3066 3300
2746 1776 3124 1786 3283
2747 332 2430 1613 2343
2748 3305 3299 3077 3041
2749 3033 3256 3073 3170
2750 3121 3215 2437 2326
2751 3067 3230 3295 3244
2752 1594 1860 2783 1746
2753 3191 3040 2476 2357
2754 2887 505 2923 3058
2755 530 2475 2710 580
2756 725 2366 397 491
2757 2944 1753 2945 2470
2758 3067 3295 3219 3244
2759 1809 3126 1607 587
2760 3102 3258 3076 3026
2761 763 1815 2342 347
2762 3194 290 1610 527
2763 1694 2367 3071 2474
2764 2621 3064 2823 3081
2765 3289 2431 1605 2359
2766 2449 1824 2428 2714
2767 2449 1823 2428 2714
2768 3197 2900 2434 3139
2769 354 562 1757 353
2770 2062 3249 2452 2485
2771 2726 2672 617 1834
2772 1684 293 1707 324
2773 3121 1758 1667 359
2774 2704 2456 2045 1911
2775 1628 2376 1581 2681
2776 3200 3051 2721 2793
2777 2411 289 2352 2743
2778 2724 1845 1846 588
2779 3245 3173 3046 3206
2780 3069 2226 1939 3223
2781 2377 2467 396 2378
2782 1853 425 2458 3127
2783 1594 1860 3236 2752
2784 3065 3075 3166 3171
2785 2928 1789 2427 1869
2786 595 1748 2437 298
2787 518 1780 1760 645
2788 2514 993 2812 2562
2789 2161 3306 3142 843
2790 922 799 1356 2010
2791 1993 1969 1954 1448
2792 3209 740 2694 3264
2793 3200 3175 2776 1926
2794 770 327 378 497
2795 2884 3226 3199 2359
2796 3076 3303 3230 3013
2797 2957 1646 1606 2728
2798 3042 3293 1726 453
2799 2532 2507 3141 2580
2800 1305 2809 2970 2262
2801 2818 1965 1983 2574
2802 3258 2821 2372 2731
2803 2480 2824 2829 803
2804 796 1016 848 2972
2805 1996 2808 2534 2962
2806 1962 3216 2578 2183
2807 2117 1892 2576 1284
2808 2805 2534 2962 2565
2809 891 1873 2800 2262
2810 1183 2006 1350 2952
2811 2501 3191 2974 3050
2812 2514 1159 2562 2788
2813 2545 1997 3236 2211
2814 3236 1553 2547 2548
2815 2816 2502 2727 2397
2816 2815 2502 2912 2911
2817 2038 1519 1575 1091
2818 2801 1983 1242 2574
2819 2556 2055 1516 2504
2820 1887 1955 2968 1112
2821 2673 3303 2802 2953
2822 2318 1958 1959 2513
2823 2282 2764 1986 3081
2824 2803 2480 2829 1123
2825 2970 2085 963 2589
2826 2831 2503 1978 2591
2827 2605 1225 2334 1880
2828 3209 1994 3264 2058
2829 2803 2575 2824 1951
2830 778 2103 2120 782
2831 2503 1978 2591 2826
2832 2583 3082 2585 1971
2833 2050 2326 2482 2488
2834 820 2517 2147 1903
2835 2284 2303 2883 1530 2292
2836 1701 3154 2615 1827 2109
2837 2983 3209 3181 2327 3264
2838 2916 2888 2614 2496 2856
2839 3150 3254 3253 3187 3147
2840 3275 3281 2960 3235 3306
2841 2244 2276 2277 1457 1444
2842 3305 3216 3206 3311 3296
2843 53 3279 2227 2645 175
2844 3178 3145 2183 3311 2643
2845 2986 2477 2598 1480 2873
2846 3150 3185 2160 3147 3276
2847 3190 3035 2877 2414 2903
2848 2985 1450 1519 1517 2889
2849 3275 1434 3073 1960 1961
2850 3232 3218 2895 3214 3083
2851 3298 3201 2308 3311 3234
2852 2985 3246 2250 2332 3302
2853 3213 3196 3133 2203 3101
2854 189 190 3014 1391 1401
2855 3182 3105 3152 3185 3086
2856 2617 2888 3014 2838 2631
2857 81 3308 2632 3311 3309
2858 1945 3281 3308 3262 3309
2859 2218 3247 3004 2657 3005
2860 3000 3006 2988 3109 3027
2861 209 3208 2267 1469 1371
2862 3208 3016 2892 1466 2992
2863 3226 2938 3126 2627 2711
2864 3011 3298 3307 2622 3299
2865 3298 2196 3304 2606 3299
2866 1455 3246 2896 2648 3001
2867 1495 3297 3154 2174 3223
2868 1394 3301 3247 1432 2212
2869 2249 3090 3203 2647 2247
2870 2249 3090 3203 111 2647
2871 3268 1467 3153 1383 3276
2872 3213 2323 2192 2330 1541
2873 2986 3003 2326 1480 2845
2874 3268 3305 3298 3299 3311
2875 3288 1456 3000 3241 262
2876 1539 3106 2664 2691 1379
2877 3190 2847 2271 2652 1477
2878 2666 2879 2624 2310 1528
2879 2666 259 2624 2878 3310
2880 232 1540 1431 138 3287
2881 2523 2519 3209 2327 3264
2882 2280 1585 3023 3026 3311
2883 2284 2303 2835 2292 1530
2884 3289 3256 2676 2795 2925
2885 3183 3239 3107 1481 3311
2886 3025 3280 2611 3302 3098
2887 3266 1631 2754 2116 3242
2888 2617 2614 2838 2856 2631
2889 2985 2301 3246 2848 2260
2890 2682 1384 3155 2891 264
2891 258 2630 2682 3155 2890
2892 3021 1557 3208 2862 2992
2893 3254 3281 3253 2686 2641
2894 2235 3286 3237 2200 3287
2895 3150 3218 2850 3010 3187
2896 3246 2648 2866 3001 3224
2897 2407 3043 3122 1679 3118
2898 2943 2373 2410 2735 2361
2899 2719 512 2938 393 2279
2900 1938 2768 2697 2941 3139
2901 2712 2703 3251 3306 1625
2902 734 557 558 554 3070
2903 3190 422 606 2847 2414
2904 2729 1768 544 1840 2417
2905 445 3051 2251 2733 2936
2906 3178 1681 2498 1940 1671
2907 2943 2373 2410 2735 2361
2908 3200 2459 2365 1850 2429
2909 3300 511 3036 3032 2910
2910 2935 2939 2909 3036 3032
2911 2816 2440 2727 2696 3120
2912 2816 2440 2727 2696 3120
2913 3266 3229 431 2922 2937
2914 3164 3281 1826 2419 1817
2915 480 3060 3261 614 2739
2916 2617 1761 2496 2838 311
2917 3256 2924 3170 3048 3062
2918 2362 417 1644 420 2490
2919 2998 3049 3215 3056 1827
2920 2464 3134 2706 2358 2947
2921 2394 1731 1673 2716 317
2922 3266 2447 3229 2930 2913
2923 302 3200 2754 2930 482
2924 3167 2917 1738 3048 2687
2925 2884 2942 3174 2268 2626
2926 1662 2374 1649 3127 634
2927 2724 439 1596 481 384
2928 448 1415 1789 2427 2785
2929 3248 3292 3066 3300 3169
2930 3266 3229 2922 380 2923
2931 3268 440 3228 3291 2730
2932 2949 2946 538 1790 2950
2933 2949 575 2946 597 2950
2934 2353 1914 3295 1645 3202
2935 2744 2349 3036 3032 2910
2936 2244 1749 2352 1632 2905
2937 3075 3166 3171 3058 2913
2938 3289 1717 2899 1716 2863
2939 3292 2956 2370 3032 2910
2940 3289 2696 3048 3062 3120
2941 1600 3197 388 2900 1808
2942 3174 2079 2925 2060 2959
2943 2907 2740 2373 2898 2361
2944 2945 3273 3266 2757 3229
2945 2944 3273 3266 2757 3229
2946 2949 394 2932 2933 2950
2947 3227 3140 3228 1857 2920
2948 2165 2695 3173 3223 2715
2949 2946 2932 2423 2933 2950
2950 2949 2946 2932 2423 2933
2951 3176 2971 3261 3244 3283
2952 779 1905 3236 2810 929
2953 3258 3303 2821 2372 2731
2954 3273 1779 1829 2438 1821
2955 2393 1734 1840 2736 3072
2956 3300 321 2939 753 2370
2957 1646 2563 2797 2573 2554
2958 3273 3293 1944 723 762
2959 3256 2942 3174 1745 2697
2960 2161 1033 3142 2840 1477
2961 3245 3303 1332 2296 3013
2962 2805 2808 1946 2565 1342
2963 2024 2540 1909 2541 2542
2964 1307 2392 1327 1381 1881
2965 3258 1947 3303 2587 2047
2966 2509 1974 3209 1194 3264
2967 844 2133 870 1086 852
2968 1887 1955 685 2820 1114
2969 2123 2549 2113 2516 2561
2970 967 2825 897 2800 2007
2971 2951 2646 3176 3205 3079
2972 1993 1969 1954 2804 815
2973 1981 3191 1820 2051 1895
2974 2501 3191 2811 3050 2099
2975 2979 2982 2313 1511 3247 3085
2976 1542 2693 2612 2205 3208 1489
2977 3272 2220 3113 2179 1464 2317
2978 3102 3190 3258 3023 3304 2309
2979 2993 2975 2982 3301 3247 3149
2980 2989 2600 2177 2194 3098 3302
2981 3298 3307 3304 3240 2628 3311
2982 2975 2979 2313 3301 3085 3149
2983 3097 3305 2837 3181 3217 3206
2984 3213 3196 3133 3224 3089 3101
2985 1440 2235 2852 2848 1493 2889
2986 2553 2566 2111 3143 2873 2845
2987 3225 3204 1543 3311 3250 3193
2988 3000 3006 2860 3214 1559 1378
2989 2980 3017 2190 3106 176 3302
2990 3114 3188 3308 3311 3296 3309
2991 3114 3188 3308 3311 3296 3309
2992 3021 3016 199 2862 2892 236
2993 2979 1387 2190 2668 3247 3085
2994 2558 1460 2059 2559 1907 2194
2995 3279 3087 3016 1474 3186 2305
2996 3114 3188 3308 3311 3296 3309
2997 3285 3099 2658 2640 2265 3302
2998 2195 3215 2198 3056 2199 2919
2999 116 2185 2205 2291 92 1552
3000 89 3006 2875 2860 2988 3027
3001 3213 2896 3158 2648 2866 2203
3002 3213 3196 3133 3224 3089 3101
3003 3231 1392 1535 2655 2873 1513
3004 2590 2218 2859 2657 3092 3005
3005 1929 2219 2859 3004 2657 3092
3006 151 208 3000 2860 2988 3027
3007 1433 3191 1537 2222 1576 3050
3008 186 1481 3311 171 2279 3115
3009 3260 2230 2613 3235 3306 3311
3010 3150 3305 3281 2895 3187 3147
3011 3298 2864 3156 3299 3189 3219
3012 3094 1436 1894 2285 3306 2572
3013 3230 2796 2961 2473 2017 3277
3014 3231 3269 2854 2614 2856 2631
3015 3157 3308 3311 3296 2257 3309
3016 3208 76 2862 2995 3184 2992
3017 2989 2600 3302 2177 2194 3098
3018 3198 2463 2678 3019 2170 1458
3019 3198 2463 2678 3269 3018 2379
3020 3298 3307 3304 3240 2628 3311
3021 1427 3208 2892 1422 2992 2306
3022 3210 3307 2239 2610 3311 3309
3023 2280 2978 3272 3076 3026 2882
3024 3288 2275 2172 3286 3265 3287
3025 2886 3246 3280 3109 3310 2611
3026 2280 3275 3023 3303 2882 2760
3027 3000 3006 2860 3214 1559 1378
3028 1571 222 3301 214 250 3287
3029 3260 3222 3221 3162 3308 3148
3030 1376 3285 1554 2658 1574 1446
3031 2401 2737 3199 2403 2385 1863
3032 2935 2939 2909 3036 1668 2910
3033 1759 3197 3073 2434 2345 2749
3034 3053 466 2409 1608 3061 3052
3035 555 3190 2847 758 1661 1722
3036 2935 2744 2909 1668 3032 2910
3037 3129 3248 3292 3300 2369 373
3038 2451 2405 1629 1873 1627 542
3039 3130 1665 1653 1751 2701 2351
3040 2677 2446 1732 2400 2404 2753
3041 2431 2388 2748 726 3263 471
3042 2798 2499 3070 3295 1726 3202
3043 3053 2475 3119 3122 2897 3118
3044 386 2620 519 400 548 549
3045 1859 297 3306 3128 2406 1639
3046 3245 3173 3136 3068 3206 2779
3047 3168 3121 275 501 1872 621
3048 3167 2924 2917 1738 2940 2687
3049 1858 1787 3215 1799 3056 2919
3050 2811 1537 1895 3007 2741 2974
3051 2459 2251 2365 2776 2733 2905
3052 2708 1690 3119 2432 3177 3034
3053 3043 2457 3122 533 3034 3118
3054 3121 1689 322 1781 483 1783
3055 3123 3248 3292 3131 3172 3169
3056 2998 3049 3215 1647 1721 2919
3057 2333 2398 1626 2482 2488 1622
3058 3075 2754 1757 3166 3171 2937
3059 2401 2737 3199 2385 2403 1863
3060 3176 2915 3261 1976 2582 3079
3061 2402 1707 2699 2701 2348 3034
3062 2917 1831 2940 2434 1609 3170
3063 1798 1595 357 1735 3072 489
3064 2253 304 2764 2444 2371 2471
3065 1844 2469 2784 3166 1742 3171
3066 3292 2745 2349 540 387 2929
3067 2751 3230 3251 3295 3202 2758
3068 3245 3173 3136 3046 2468 3206
3069 2408 472 2780 1939 3070 291
3070 3069 3042 3273 2902 2497 310
3071 2763 1811 2367 3166 3171 2474
3072 2955 2491 1794 3063 470 605
3073 3033 1759 2849 2341 2749 2072
3074 1928 2374 1666 1643 416 3127
3075 1871 2784 419 3058 1688 2937
3076 403 3023 3303 2796 3181 2760
3077 3102 3258 2748 3303 903 3263
3078 3182 3235 3306 2564 950 2150
3079 3060 3176 2971 3261 3244 3283
3080 866 712 2124 2135 1308 1906
3081 2153 2764 2444 853 2823 1986
3082 2139 2832 2583 2584 2585 1244
3083 3232 1459 3218 2636 1514 2850 3112
3084 2216 3304 3096 3311 3234 3148 3309
3085 2993 2975 2982 2313 3301 3247 3149
3086 3182 2855 3152 3185 3311 3179 3309
3087 2688 3279 2181 3237 3088 2638 2995
3088 3279 2321 3087 3090 3237 3203 3186
3089 3213 3196 3133 3002 3224 2984 3101
3090 2629 2870 3088 1413 1404 1485 2869
3091 3157 3211 3178 3307 3145 3156 2610
3092 2590 2389 2219 2444 3004 2657 3005
3093 3284 3221 3210 3251 2223 3148 3309
3094 3305 2646 3308 3261 3012 3146 3311
3095 3284 3305 3304 3308 3257 3311 3309
3096 1743 3270 3084 3153 1543 3274 3276
3097 2983 2230 2673 3275 2674 3243 3306
3098 2886 2980 1393 3285 3017 3099 1510
3099 62 2256 2311 2997 3098 1593 2336
3100 124 49 215 226 3212 174 85
3101 3213 2623 2853 3002 3089 2984 1491
3102 2978 3272 3245 3303 3263 3077 2760
3103 3259 3298 3307 3308 3262 3311 1494
3104 2602 1374 2600 1562 2286 2270 3302
3105 60 3161 158 2855 2289 2175 1544
3106 2989 184 2876 3191 1375 86 2664
3107 3239 3162 2885 3308 3311 3296 2681
3108 3305 106 3262 2278 1538 3311 3296
3109 2608 3025 2273 2860 1437 3280 3310
3110 1392 3279 2242 2225 1430 273 172
3111 2651 2237 3163 2298 2176 3310 1444
3112 3150 1459 2636 3254 3253 3083 3147
3113 188 2608 2977 2652 161 1491 1410
3114 2996 2683 3305 2990 2684 2991 3296
3115 3239 3162 265 2307 3311 3008 3179
3116 3138 2646 1672 643 2392 3205 2426
3117 2666 3286 2624 1431 3241 1529 3287
3118 3043 1659 3053 1723 3119 2742 2897
3119 3043 3122 2432 2742 2421 3118 3052
3120 1714 2440 2727 3199 2940 2912 2911
3121 3047 2346 2663 3054 329 2773 2750
3122 3043 1659 3053 1723 3119 2742 2897
3123 3129 3248 3292 3300 3055 3131 3172
3124 1776 3251 3295 3219 2746 3283 3202
3125 1724 2354 2709 2341 2705 2500 2387
3126 421 1809 1697 1607 2759 2711 2863
3127 1662 3074 2458 2926 1649 2782 428
3128 1492 3251 3295 2406 3219 3045 3202
3129 3123 3248 3292 3037 2369 3172 3169
3130 569 2409 1751 1868 722 3039 2351
3131 3123 3248 3292 3300 3055 3172 3169
3132 2344 520 435 1670 1870 2461 646
3133 3213 2623 2853 3002 727 3089 2984
3134 1921 1652 608 1667 615 3137 2920
3135 3178 2363 3209 3145 567 3205 3264
3136 3258 1373 1915 3046 3068 2372 2731
3137 326 1805 532 3293 3134 2706 2672
3138 1913 3116 3230 743 3295 3219 3202
3139 1630 1600 3197 2768 2900 1705 1711
3140 3227 2464 3230 3295 3219 3202 2947
3141 2532 2507 1959 2044 2799 2513 2580
3142 2155 3256 2789 2960 2271 3283 699
3143 2553 2986 1999 2598 2057 1368 1233
3144 3307 3304 2285 3261 2628 3217 2418 3234
3145 3152 2363 3091 2508 3261 3135 3205 2844
3146 3094 3239 3305 3308 3262 2650 3311 3309
3147 1492 3232 3218 3010 3112 3187 2839 2846
3148 3222 3029 3220 3210 3308 3084 3093 3309
3149 2282 80 2979 2982 2312 3301 3247 3085
3150 3232 3218 2895 3010 3112 3187 2839 2846
3151 2629 79 1586 1407 2246 1443 2240 2202
3152 3182 2855 3178 3185 3145 3086 3311 3309
3153 3252 3201 3304 2871 2649 3096 3290 3276
3154 3232 2867 3297 185 2615 2174 2836 3202
3155 1406 2630 2890 2891 1540 1566 1469 3310
3156 3011 3298 3091 3304 2622 2606 3299 3189
3157 3210 3091 1558 3308 3015 3311 3277 3309
3158 1445 3196 3190 2118 1440 2125 2192 3001
3159 3284 70 3239 2625 3311 3296 2619 3309
3160 1487 74 1373 3164 1515 260 3311 3309
3161 3260 3294 3222 3105 3220 3221 3298 179
3162 3294 3222 3029 3220 3255 3107 3311 3115
3163 3288 2275 3238 3111 3265 2328 2270 3241
3164 3284 2914 2320 3160 2084 3257 2419 1656
3165 3288 3246 3286 2329 3265 2616 3310 3287
3166 3065 2469 2784 3229 1741 3058 3071 2937
3167 2924 1801 2719 1663 644 3048 1657 2493
3168 3047 2398 2346 735 513 2615 1560 1925
3169 3129 3248 3292 3300 3055 3131 3172 2929
3170 1630 2917 2536 2068 1831 2003 2749 3062
3171 3065 2469 2784 3229 1741 3058 3071 2937
3172 3123 3129 3248 3292 3300 3055 3131 3169
3173 458 2948 2473 3046 3068 3223 2779 2715
3174 3256 2942 3199 1745 2925 2697 2397 2959
3175 3266 3200 3229 2371 2471 738 2793 2721
3176 2951 3060 2971 3261 3205 2739 2582 3079
3177 2407 2708 2185 2432 1608 1855 2742 2421 3052
3178 3152 2363 3091 2906 2508 3261 3135 3205 2844
3179 3183 3211 3185 2613 3304 3306 1953 3086 3115
3180 3182 3233 3211 3245 2644 3306 2671 3295 3277
3181 2983 3272 3076 3297 2837 3303 2587 3235 3206
3182 2855 3180 3152 1947 3210 3185 3086 3078 2564
3183 3284 3260 3232 3221 3305 2885 3255 3311 3179
3184 2651 2318 1588 1453 3016 1418 1476 1534 201
3185 3182 3305 2855 3152 3086 3311 3179 3309 2846
3186 2688 3279 2181 3237 2995 3088 2638 1377 130
3187 2229 3150 212 3281 2895 3010 2274 3147 2839
3188 2996 2990 2613 3304 2991 3217 3189 2610 2257
3189 3011 3298 3188 3304 3156 3217 3299 2308 3234
3190 2978 3272 2220 2847 3158 3035 2877 2414 2903
3191 2501 2487 2281 2811 3007 3106 2974 2753 2973
3192 3252 3270 3278 3267 3291 2649 3290 1808 3282
3193 3270 3267 3291 3204 3299 2987 3274 3282 3250
3194 465 749 2408 750 2762 294 1941 598 768
3195 3289 1620 3199 364 2403 1599 2338 1676 433
3196 3213 2623 2853 3002 3158 2711 3089 1746 2984
3197 3033 1938 2768 1900 2168 2486 2697 2941 3139
3198 1604 2462 2678 2463 1756 3018 3019 1933 561
3199 3289 2795 1737 3174 1621 3195 3059 3031 3120
3200 3266 3175 2776 2908 1632 2923 2413 2793 1926
3201 3259 78 3307 1509 2228 137 3153 1579 3311 2851
3202 3042 3138 2353 3140 3067 3154 3124 3128 3306 2934
3203 2629 2870 1561 2660 3088 1413 1404 1485 3310 2869
3204 3270 3305 3278 3267 3291 2987 3299 3282 3250 3193
3205 2607 3116 3216 3178 3176 2042 3145 2971 3261 3135
3206 2983 2842 3303 1915 3181 3295 3046 3068 3244 2779
3207 3252 2165 3305 3278 3307 3291 3271 3311 3290 3276
3208 1427 3021 2861 3016 2319 2976 2862 2892 1466 3310
3209 2828 3297 2837 2524 2723 3135 2356 2792 2881 2966
3210 3182 3259 3157 3022 1859 3221 3307 3308 3148 3093
3211 3294 2607 3233 3180 3245 3091 3306 3295 3179 2287
3212 1496 2195 2295 3297 2634 2674 2198 3100 2199 205
3213 3196 2853 3133 3002 3001 3224 3089 2984 3101 2872
3214 121 1496 1527 2289 267 2175 2850 2988 3027 286
3215 2998 3049 1730 1647 3297 2259 3056 2919 2204 2750
3216 2842 3272 3233 3275 2689 2806 2581 2136 3205 2243
3217 3144 2983 1436 1479 3188 2285 3251 3189 3311 207
3218 2229 3150 3254 2239 2895 3253 3083 2850 3147 1498
3219 1942 3138 3011 3140 3297 3124 3251 3128 3283 2758
3220 3260 3222 3161 3221 3162 3305 3307 3308 3311 3148
3221 3183 3294 3222 3029 3220 3161 2685 3210 3308 3093
3222 3260 3029 3220 3161 3221 3162 3308 3311 3148 3309
3223 2867 2226 3297 2780 2466 2695 3173 2948 2715 2178
3224 1445 3213 2623 3002 2896 82 2330 2203 3089 2984
3225 3252 3278 3307 3291 2987 3271 3290 3234 3282 3276
3226 3289 478 1717 1801 2795 1691 446 1719 2711 2863
3227 454 618 3140 3228 559 1648 330 3290 2350 2947
3228 3227 2931 342 1782 2730 305 309 3290 2350 2947
3229 2944 2945 3266 3175 1614 2930 3166 2922 3171 2913
3230 3138 3140 3067 1708 2751 2796 456 3251 3295 3013
3231 2608 1463 3014 2310 2291 3003 77 1505 1552 2265 3241
3232 3183 3294 3150 2636 3254 3154 3255 3253 3083 2850 3147
3233 2248 2636 3211 3216 3180 3263 2689 1505 2671 2168 2243
3234 3144 3225 3298 221 2307 3084 3189 3311 1520 3250 2851
3235 2707 3009 3243 3181 2179 2644 3251 2671 3078 2840 3283
3236 2545 1997 2783 2214 2627 2813 2211 2022 2814 2952 2548
3237 1395 2894 2182 3087 2211 3088 2638 100 3186 2232 2299
3238 3288 54 1396 3286 1524 3265 3163 1423 2272 69 3287
3239 109 202 90 2885 3159 2217 3107 3146 2650 3311 3115
3240 2981 3252 103 3020 3298 3307 3281 2320 2622 3311 3290
3241 3231 173 2241 1428 2875 3117 3163 2265 2322 2184 2232
3242 2633 2651 2887 2251 1489 2264 2297 2616 112 102 230
3243 3259 3097 1547 3281 3303 2663 3235 3306 1381 3311 3277
3244 2951 2295 2751 3245 2689 3251 1635 3206 3283 3079 2758
3245 3102 3258 3211 3180 2961 3304 2473 3046 3068 3244 2779
3246 2639 1582 2896 3025 2866 3280 1391 2852 2889 1584 3165
3247 2993 2654 2975 2979 2173 3301 2669 2859 2868 3085 3149
3248 3123 3129 3292 3037 2745 2369 3055 3131 3172 3169 2929
3249 1002 1092 2713 1093 1899 1094 824 2770 2066 2149 1979
3250 3252 3278 3307 3204 3291 2987 3271 3234 3290 3282 3276 3193
3251 3067 3230 2901 3124 2206 3235 3128 3306 3217 3219 3244 3093
3252 3192 3207 3225 3270 3267 2709 3304 3240 3153 3274 3271 3250
3253 1478 3232 3218 2254 2255 3112 2686 3306 2893 2839 2641 2287
3254 1478 3232 3218 2254 2255 3112 2686 3306 2893 2839 2641 2287
3255 3284 3183 3260 3232 3162 3281 3308 2331 1583 3311 3296 3309
3256 3289 2884 2917 2676 2502 2536 3174 2268 3142 2749 2397 2959
3257 3284 3260 3298 3164 3281 3308 3299 3311 3296 2619 3309 3095
3258 2978 3272 3245 3303 2802 3263 2953 3136 2731 3077 2760 2965
3259 3103 3298 218 3210 3307 3243 3201 3299 2610 3311 1438 3309
3260 3284 3183 3294 3222 3029 3220 3161 2685 3009 3255 3257 3309
3261 3144 3094 2951 2646 3178 3176 2915 3060 3145 3205 2739 3079
3262 3103 228 2858 2625 2278 3146 2632 2650 3311 2269 3108 2294
3263 3102 3258 3272 3233 3275 2354 2705 1551 2500 3077 3041 1499
3264 2828 2523 3297 2837 2524 2723 2327 3135 2356 2792 2881 2966
3265 2233 3238 110 2667 3286 240 3024 3163 2272 2201 3165 3287
3266 2944 3273 2945 3200 3175 2887 3229 2930 2733 2922 2721 2913
3267 3252 3192 3278 3204 3291 3290 3268 3307 3271 3311 3282 3193 3276
3268 3270 2931 3278 3267 2709 2127 3304 2874 2871 3274 2243 3282 3276
3269 162 2620 2678 1573 1441 1473 3014 1369 3019 1502 123 2170 2167
3270 3252 3192 3268 3278 3307 3204 3291 3299 3096 3311 3282 3290 3193
3271 3252 3225 3278 3291 3274 3290 3250 3207 2604 3267 2649 3311 3282 3276
3272 3102 3190 3258 3216 135 3023 3275 3303 3263 3304 3181 272 2977 2309
3273 2954 2340 2944 1791 2945 3266 632 1631 1686 2447 2958 3070 1916 1821
3274 3252 155 3278 3291 3096 3290 3268 2604 3305 3307 3271 3311 3282 3276 3193
3275 3272 2849 1434 1551 1452 1470 1471 3097 3216 2224 3026 3263 1567 2168 2840
3276 3225 3278 2871 3153 3096 3274 3250 2846 3207 3268 1804 2604 3267 2649 3271
3277 3157 2213 143 2665 3013 2661 3305 3180 253 1472 3303 3243 3308 3311 1499
3278 3192 3225 3291 3204 3299 3274 3250 3270 3207 3268 3307 3267 3271 3282 3276
3279 2227 149 1475 2995 2662 2225 3087 2843 3088 83 3186 2201 2215 3110 2299
3280 2603 2180 3246 2241 241 233 3025 3302 2886 2288 2188 3109 2670 3310 2611
3281 3294 2914 2320 2601 3010 3240 3187 1972 1763 3243 3255 2858 2893 3257 2840
3282 3192 3225 3278 3291 3204 3299 3274 3290 3250 3270 3268 3267 3307 3271 3193
3283 2951 2295 2531 2723 3306 3219 2746 2535 1928 2717 3297 3124 3235 3142 3244 3079
3284 3260 3294 2635 3299 3093 2619 3309 3183 3164 3159 3255 3308 3257 3311 3296 3095
3285 2680 2602 231 252 177 140 1376 2311 2169 2640 2314 3030 145 2997 3098 2336
3286 2629 2172 3024 283 3117 119 2219 3265 1426 2247 3165 2234 3238 2894 2328 2202
3287 3288 2172 3024 3117 3265 3165 2894 3238 2660 2880 1423 1454 3028 2240 2202 108
3288 2236 257 3024 2875 1426 3165 210 1385 1570 3238 2660 3163 2328 2298 1382 3287
3289 3256 1618 1620 341 1621 395 3195 1599 2687 2884 3226 2938 3199 2940 2359 2765
3290 3192 3225 3227 3228 2709 2730 3240 3299 3153 3274 3250 3207 3270 3267 3304 3271 3282
3291 3192 3225 2931 3278 3204 3299 3274 3250 3270 3207 2604 3267 3307 3304 3271 3282 3193
3292 3129 3300 2745 2349 3055 3131 3172 2370 1669 3123 1747 3248 3066 3037 2939 3169 2929
3293 1818 642 576 1654 1686 2958 2384 541 3137 2798 2499 757 629 1944 1636 746 747
3294 3260 3232 148 3221 3211 2331 1583 2223 3309 3284 3161 3162 3305 3307 3281 3308 3311 3296
3295 3138 3211 2751 3306 3042 3140 2353 3067 3180 3297 3230 2689 3124 3128 2206 3206 2934 2758
3296 3114 3294 2684 3015 3107 3108 3309 2263 3284 2996 2842 2990 3159 3255 1412 3308 2991 3257 3311
3297 2165 3154 3306 2174 3219 3223 2204 1495 127 2867 3215 3209 3303 159 3212 3181 3295 3264 3283
3298 3011 3240 3259 2981 3161 3020 3103 271 3304 2637 2874 2864 3156 2606 3189 2865 3257 3311 3234 2851
3299 3278 3011 3291 2601 3204 1494 3290 3259 3284 3270 1839 2748 2134 2864 2874 3156 3189 2865 3257 3282 3193
3300 1828 2956 3292 2472 2744 2745 382 721 3131 383 3172 1669 1747 3123 3037 648 1795 2909 3169 427 2929
3301 2979 2190 2302 2982 2312 2618 3247 2209 2868 2261 3302 1563 1577 2187 1564 2668 1511 3085 3028 2212 224 3149
3302 2989 2603 2180 57 2980 266 3017 2618 2209 2852 1555 2659 2886 2288 1387 3301 3280 1567 2690 3104 2670 2997 2611
3303 3102 3258 3272 2466 2796 2587 2560 2821 2705 3077 3277 3076 3297 2354 3026 3243 2961 3304 3181 2953 2046 3206 2965
3304 3144 3252 3272 2978 3188 3245 3291 3306 3153 3290 3179 3309 114 2981 3268 3020 1479 3298 3307 3303 3308 3084 3156 3189 2865 3311 3095
3305 3220 1514 3204 2210 2635 3277 2983 3094 3207 2842 2748 1420 2613 2874 3114 3294 2683 2159 3185 3010 1442 3146 3274 3108 2269 2257 3183 3095
3306 3211 3254 2531 3253 3012 3179 3097 2712 2717 2707 3180 3243 3304 3283 3202 2230 3009 2671 3078 1655 3297 2789 2644 2179 2901 3251 3295 3045 2840
3307 3220 3291 3240 2981 3207 3270 3020 3103 1402 1403 3304 3201 2864 2274 3282 3144 3294 3225 3278 1389 3091 3274 3250 3259 3022 3267 3210 1578 2307 2628
3308 1486 3220 3221 2635 3277 3222 3094 2996 3103 3304 3294 2607 3157 2196 2684 3015 3107 2857 3146 3309 2643 3029 3284 2685 2990 3210 3255 2858 2991 3257 3296 3148 3095 2294
3309 3260 2216 3160 2263 3222 2996 3304 1558 2193 2274 2625 3086 3294 3157 3152 3185 2684 3015 2857 3146 3093 3259 3284 3022 2990 3159 3255 3308 2858 3084 2991 3257 3296 3148 3095
3310 1462 1397 3025 1545 2630 1372 3280 125 2241 3111 234 58 192 3203 193 156 59 157 1493 1411 2293 95 61 195 2187 2171 2645 97 3208 1529 1531 217 71 2691 2639 2275 1582 3155 2256 1584 3165 1506 2666 2654 2879 1507 181 1566 3109 2201 1592
3311 1486 2601 1370 1490 52 3222 2996 3243 3201 1548 3217 3271 3294 3157 3262 3015 1442 2619 2643 3284 3162 2885 3267 3084 2851 2676 3239 2210 3240 2981 1388 3086 1504 2607 1389 2857 3274 3183 3159 3255 1461 2216 3160 3277 2263 3207 3020 2842 1402 3103 1403 3298 3304 2874 2186 261 2632 1405 3152 3185 3146 3259 2685 3022 1578 2987 2844 1579 3234 1526 3115 3220 1527 1416 2635 3270 104 3094 1421 2637 2193 2228 3008 3009 2196 2197 2231 1425 3107 3108 2665 115 2990 1429 2991 3257 3296 2882 3095
